 <pre>

 Contingency table for Visibility (m)
 Selection: ALL    696 stations
Period: 20201204-20201211
Used {00,03,...,21} + 00 01 ... 09
 Limits    1000.00000       5000.00000       10000.0000       20000.0000    
 Each class is data <= limit, the very last > last limit
 Total number of values      360050
                                     OBSERVATION
                                   4057     3853     1080      509      412 |      9911
                                   5604    27024    15858    11456     7946 |     67888
                      cy43_new     1840    15963    20616    21818    12904 |     73141
                                    564     6359    21483    38829    31002 |     98237
                                    915     9217    22721    39693    38327 |    110873

                    SUM           12980    62416    81758   112305    90591 |    360050
                                     OBSERVATION
                                   4553     4246     1133      522      454 |     10908
                                   5378    27719    16461    12017     8216 |     69791
                  cy43_new_dfi     1684    15671    20835    22154    13105 |     73449
                                    505     6015    20669    38161    30801 |     96151
                                    860     8765    22660    39451    38015 |    109751

                    SUM           12980    62416    81758   112305    90591 |    360050

