 <pre>

 Contingency table for Cloud cover (octas)
 Selection: ALL    589 stations
Period: 20201204-20201211
Used {00,03,...,21} + 01 02 04 05 07 08
 Limits   0.500000000       1.50000000       2.50000000       3.50000000       4.50000000       5.50000000       6.50000000       7.50000000    
 Each class is data <= limit, the very last > last limit
 Total number of values      178665
                                                       OBSERVATION
                                  19736     1040     1149      539      345      429      573     1217     2266 |     27294
                                   1051      154      182       97      102      137      184      555     1138 |      3600
                                    550       68      111       75       69       80      108      338      807 |      2206
                                    416       48       90       46       59       58      105      313      759 |      1894
                      cy43_new      330       58       52       45       52       71      113      318      763 |      1802
                                    349       59       62       47       62       79      110      373      864 |      2005
                                    601       66       95       99       73      101      137      454     1153 |      2779
                                    899      134      164      148      147      176      260      936     2330 |      5194
                                   3622      831      821      919      832     1341     2031    16249   105245 |    131891

                    SUM           27554     2458     2726     2015     1741     2472     3621    20753   115325 |    178665
                                                       OBSERVATION
                                  19445     1020     1135      531      356      469      628     1303     2461 |     27348
                                   1041      161      172      106      115      140      214      586     1326 |      3861
                                    602       68      117       82       79       97      123      421      925 |      2514
                                    445       57       94       64       70       71      103      381      866 |      2151
                  cy43_new_dfi      380       52       77       65       53       70      111      368      827 |      2003
                                    373       70       71       61       61       65      120      397      960 |      2178
                                    629       89      113       91       74       80      123      542     1360 |      3101
                                    891      125      166      161      162      180      264      987     2543 |      5479
                                   3748      816      781      854      771     1300     1935    15768   104057 |    130030

                    SUM           27554     2458     2726     2015     1741     2472     3621    20753   115325 |    178665

