 <pre>

 Contingency table for Cloud base (m)
 Selection: ALL    606 stations
Period: 20201204-20201211
Used {00,03,...,21} + 01 02 04 05 07 08
 Limits    70.0000000       150.000000       300.000000       600.000000       1000.00000       1500.00000       2500.00000       5000.00000    
 Each class is data <= limit, the very last > last limit
 Total number of values      153798
                                                       OBSERVATION
                                   1698     2885     1020      249       80       84       61      114       65 |      6256
                                   1295     4192     2581      545      157       87       34       67       14 |      8972
                                   1292     6741    10618     3890      675      225       97      128       47 |     23713
                                    854     4764    14669    19573     3992      657      259      606      188 |     45562
                      cy43_new      338     1492     3591     7184     5187     1469      339      605      204 |     20409
                                    150      493     1625     2992     2125     1323      460      444      170 |      9782
                                     73      302     1079     2066     1315      936      654      603       88 |      7116
                                    109      244      543     1006      627      496      770     2233      262 |      6290
                                    602      967     2160     5219     3867     2340     1456     5667     3420 |     25698

                    SUM            6411    22080    37886    42724    18025     7617     4130    10467     4458 |    153798
                                                       OBSERVATION
                                   1916     3281     1085      293       97       92       72      153       63 |      7052
                                   1331     4529     2809      553      140       95       34       76       20 |      9587
                                   1146     6511    11141     4153      721      215       81      173       46 |     24187
                                    864     4439    14112    19744     3900      648      262      592      194 |     44755
                  cy43_new_dfi      312     1394     3276     6880     5254     1418      334      618      201 |     19687
                                    125      500     1617     2800     2068     1293      415      371      140 |      9329
                                     56      233      970     1777     1166      828      623      456       43 |      6152
                                     69      182      433      731      434      389      678     1738      144 |      4798
                                    592     1011     2443     5793     4245     2639     1631     6290     3607 |     28251

                    SUM            6411    22080    37886    42724    18025     7617     4130    10467     4458 |    153798

